%YAML:1.0
---
PoseState: !!opencv-matrix
   rows: 4
   cols: 4
   dt: d
   data: [ -0.0153, -0.9993,
       0.0337, -26.9192,
       -0.9655, 0.0060,
       -0.2603, 66.7205,
       0.2599, -0.0366,
       -0.9649, -33.4129, 0., 0., 0., 1. ]
