%YAML:1.0
---
PoseState: !!opencv-matrix
   rows: 4
   cols: 4
   dt: d
   data: [ 0.9967, -0.0404,
       0.0699, 569.5000,
       0.0208, 0.9652,
       0.2606, 317.7000,
       -0.0780, -0.2583,
       0.9629, 569.3000, 0., 0., 0., 1. ]
